  RR1  RR2 SHAM WREG   WD   WR  SHE  DIR  CLR  RD1  RD2
    0    0    0    0 0000    0    0    0    1 0000 0000
    7    9    0    0 1234    0    0    0    0 0000 0000
    0    1    0    5 2381    1    0    0    0 0000 0000
    2    5    0    6 8974    1    0    0    0 0000 2381
    5    0    4    7 1A4E    1    1    0    0 2381 0000
    6    6    5    9 0000    1    1    1    0 8974 8974
    5    7    0    0 0000    0    0    0    0 2381 0000
    6    9    0    0 0000    0    0    0    0 8974 2E80
    2    2    4    8 0000    0    0    0    1 0000 0000
    5    6    0    0 0000    0    0    0    0 0000 0000
    0    0    0    0 0000    U    U    U    U 0000 0000
    0    0    0    0 0000    U    U    U    U 0000 0000
    0    0    0    0 0000    U    U    U    U 0000 0000
    0    0    0    0 0000    U    U    U    U 0000 0000
    0    0    0    0 0000    U    U    U    U 0000 0000
