    D   UP   DW  WPC  CLR   SP    Q
 0000    0    0    0    1    0 0000
 0000    0    0    0    0    0 0000
 0000    0    0    0    0    0 0001
 0000    0    0    0    0    0 0002
 0000    0    0    0    0    0 0003
 0800    1    0    1    0    0 0004
 0000    0    0    0    0    1 0800
 0000    0    0    0    0    1 0801
 0000    0    0    0    0    1 0802
 0000    0    1    0    0    1 0803
 0000    0    0    0    0    0 0005
 0000    0    0    0    0    0 0006
 0000    0    0    0    0    0 0007
 0000    0    0    0    0    0 0008
 1000    1    0    1    0    0 0009
 4000    1    0    1    0    1 1000
 0000    0    0    0    0    2 4000
 0000    0    0    0    0    2 4001
 0000    0    0    0    0    2 4002
 0000    0    1    0    0    2 4003
 0000    0    0    0    0    1 1001
 0000    0    0    0    0    1 1002
 0000    0    0    0    0    1 1003
 0000    0    1    0    0    1 1004
 0000    0    0    0    0    0 000A
 0000    0    0    0    0    0 000B
 0007    0    0    1    0    0 000C
 0000    U    U    U    U    0 0007
 0000    U    U    U    U    0 0007
 0000    U    U    U    U    0 0007
 0000    U    U    U    U    0 0007
